0;0.16178228;0;0.17647059;0;0.25289256;0;0.22531194;
0.99901361;0.16347113;0.99924609;0.13001968;0.99994904;0.18524927;1.0009963;0.25098039;
1.9980272;0.1372549;1.9984922;0.10588235;1.9998981;0.11406541;2.0019926;0.2103655;
2.9970408;0.1372549;2.9977383;0.24946201;2.9998471;0.25385891;3.0029889;0.17718827;
3.9960544;0.31168026;3.9969843;0.30205555;3.9997962;0.36078431;4.0039852;0.30946459;
4.9950681;0.32037633;4.9962304;0.3427419;4.9997452;0.31797532;5.0049815;0.38853411;
5.9940817;0.45727823;5.9954765;0.38643663;5.9996942;0.28627451;6.0059778;0.4561754;
6.9930953;0.45881775;6.9947226;0.46098603;6.9996433;0.28196036;7.0069741;0.59738562;
7.9921089;0.61016769;7.9939687;0.58954248;7.9995923;0.27843137;8.0079704;0.56865949;
8.9911225;0.6627451;8.9932148;0.61500131;8.9995414;0.45906063;9.0089667;0.52418301;
9.9901361;0.61765074;9.9924609;0.65490196;9.9994904;0.59886667;10.009963;0.55364376;
10.98915;0.59738562;10.991707;0.67747825;10.999439;0.6586667;11.010959;0.62054106;
11.988163;0.4991188;11.990953;0.69944606;11.999388;0.74822444;12.011956;0.65402799;
12.987177;0.43505681;12.990199;0.65799079;12.999338;0.7828457;13.012952;0.77359238;
13.986191;0.3837548;13.989445;0.54580668;13.999287;0.79137099;14.013948;0.82539286;
14.985204;0.31392561;14.988691;0.47396619;14.999236;0.71989261;15.014944;0.82222222;
15.984218;0.28099789;15.987937;0.40392157;15.999185;0.66666667;16.015941;0.81018893;
16.983231;0.25098039;16.987183;0.39348359;16.999134;0.53083622;17.016937;0.74117647;
17.982245;0.22308722;17.98643;0.31764706;17.999083;0.34901961;18.017933;0.72253496;
18.981259;0.17868867;18.985676;0.31792326;18.999032;0.29843119;19.01893;0.49411156;
19.980272;0.20367789;19.984922;0.25152062;19.998981;0.22352941;20.019926;0.44751127;
20.979286;0.23817419;20.984168;0.264468;20.99893;0.21758998;21.020922;0.31127417;
21.978299;0.25672908;21.983414;0.22703412;21.998879;0.20354697;22.021919;0.24740361;
22.977313;0.23529412;22.98266;0.23137255;22.998828;0.20493824;23.022915;0.13970351;
23.976327;0.27290451;23.981906;0.28001667;23.998777;0.23904459;24.023911;0.13333333;
24.97534;0.50849673;24.981152;0.28627451;24.998726;0.26050177;25.024907;0.18131974;
25.974354;0.51441193;25.980398;0.45647401;25.998675;0.30846759;26.025904;0.18823529;
26.973367;0.62392432;26.979644;0.50843297;26.998624;0.34892507;27.0269;0.41740054;
27.972381;0.64186773;27.97889;0.67142051;27.998573;0.43598603;28.027896;0.52474099;
28.971395;0.70922507;28.978137;0.71772547;28.998522;0.43309265;29.028893;0.61077256;
29.970408;0.71764706;29.977383;0.74884707;29.998471;0.42745098;30.029889;0.60423978;
30.969422;0.5543514;30.976629;0.77908497;30.99842;0.50179892;31.030885;0.55071832;
31.968436;0.52810458;31.975875;0.79361399;31.998369;0.71764706;32.031881;0.52810458;
32.967449;0.38180934;32.975121;0.80261438;32.998318;0.62950598;33.032878;0.36337411;
33.966463;0.35624436;33.974367;0.74937792;33.998267;0.3372549;34.033874;0.26666667;
34.965476;0.32082847;34.973613;0.66979613;34.998216;0.30706579;35.03487;0.31273033;
35.96449;0.34258128;35.972859;0.53347359;35.998165;0.1960513;36.035867;0.35774127;
36.963504;0.30456956;36.972105;0.40892976;36.998115;0.19507448;37.036863;0.26094572;
37.962517;0.25490196;37.971351;0.35522828;37.998064;0.11410009;38.037859;0.10921788;
38.961531;0.26774755;38.970597;0.34901961;38.998013;0.14397629;39.038856;0.098868456;
39.960544;0.27843137;39.969843;0.38733559;39.997962;0.14003007;40.039852;0.090196078;
40.959558;0.33110035;40.96909;0.45882353;40.997911;0.1242353;41.040848;0.11139647;
41.958572;0.42311786;41.968336;0.48497895;41.99786;0.23529412;42.041844;0.14509804;
42.957585;0.47729566;42.967582;0.52431279;42.997809;0.23229451;43.042841;0.20609753;
43.956599;0.53120733;43.966828;0.51410789;43.997758;0.20784314;44.043837;0.31056531;
44.955612;0.58757004;44.966074;0.60731564;44.997707;0.22380241;45.044833;0.39498668;
45.954626;0.69411765;45.96532;0.58567525;45.997656;0.39607843;46.04583;0.53980946;
46.95364;0.70676428;46.964566;0.6130719;46.997605;0.38685674;47.046826;0.54844666;
47.952653;0.74901961;47.963812;0.60434717;47.997554;0.25106029;48.047822;0.53594771;
48.951667;0.74992418;48.963058;0.50457516;48.997503;0.26735816;49.048819;0.55676738;
49.950681;0.72931663;49.962304;0.50657166;49.997452;0.32815533;50.049815;0.68235294;
50.949694;0.70957018;50.96155;0.64782478;50.997401;0.34822255;51.050811;0.67500882;
51.948708;0.6130719;51.960796;0.64500736;51.99735;0.64832548;52.051807;0.61981549;
52.947721;0.6130719;52.960043;0.52955065;52.997299;0.63597397;53.052804;0.60511052;
53.946735;0.49582256;53.959289;0.53662642;53.997248;0.72293239;54.0538;0.24588145;
54.945749;0.49019608;54.958535;0.45145652;54.997197;0.7254902;55.054796;0.23137255;
55.944762;0.34400965;55.957781;0.43529412;55.997146;0.52677645;56.055793;0.30421605;
56.943776;0.29465883;56.957027;0.30404911;56.997095;0.51633987;57.056789;0.30980392;
57.942789;0.27433699;57.956273;0.26666667;57.997044;0.55505829;58.057785;0.29959488;
58.941803;0.27843137;58.955519;0.20665299;58.996993;0.55816993;59.058781;0.31733129;
59.940817;0.29812797;59.954765;0.20362738;59.996942;0.20714374;60.059778;0.3364157;
60.93983;0.30588235;60.954011;0.18984599;60.996892;0.15930854;61.060774;0.34815273;
61.938844;0.40355396;61.953257;0.15751262;61.996841;0.23532995;62.06177;0.44652388;
62.937857;0.46767952;62.952503;0.26998286;62.99679;0.25768618;63.062767;0.49019608;
63.936871;0.5351665;63.95175;0.35294118;63.996739;0.13729527;64.063763;0.55822954;
64.935885;0.60125344;64.950996;0.48555035;64.996688;0.13302733;65.064759;0.58954248;
65.934898;0.69177191;65.950242;0.61307822;65.996637;0.13451442;66.065756;0.65477903;
66.933912;0.76078431;66.949488;0.65359816;66.996586;0.11764706;67.066752;0.69469223;
67.932926;0.72926031;67.948734;0.71007816;67.996535;0.23733553;68.067748;0.69186062;
68.931939;0.68235294;68.94798;0.69390186;68.996484;0.26666667;69.068744;0.67327288;
69.930953;0.63532115;69.947226;0.6627451;69.996433;0.29720332;70.069741;0.66325163;
70.929966;0.60620596;70.946472;0.66395442;70.996382;0.30588235;71.070737;0.6745098;
71.92898;0.66511244;71.945718;0.66666667;71.996331;0.5572813;72.071733;0.6474239;
72.927994;0.62477201;72.944964;0.6108493;72.99628;0.63921569;73.07273;0.6130719;
73.927007;0.61696767;73.94421;0.44056984;73.996229;0.5905286;74.073726;0.57930476;
74.926021;0.50457516;74.943456;0.45921539;74.996178;0.58147273;75.074722;0.52418301;
75.925034;0.49046681;75.942703;0.35537824;75.996127;0.40275209;76.075719;0.48735099;
76.924048;0.34117647;76.941949;0.33963217;76.996076;0.33559447;77.076715;0.42431355;
77.923062;0.32972819;77.941195;0.16470588;77.996025;0.24505569;78.077711;0.39831917;
78.922075;0.24369688;78.940441;0.16173714;78.995974;0.21367386;79.078707;0.29411765;
79.921089;0.25309754;79.939687;0.090196078;79.995923;0.1463241;80.079704;0.27326706;
80.920102;0.14768501;80.938933;0.090196078;80.995872;0.10588235;81.0807;0.18823529;
81.919116;0.13333333;81.938179;0.22236043;81.995821;0.21241397;82.081696;0.22181952;
82.91813;0.24771503;82.937425;0.25722728;82.99577;0.2745098;83.082693;0.41405693;
83.917143;0.2745098;83.936671;0.45504305;83.995719;0.24831387;84.083689;0.38718724;
84.916157;0.3940486;84.935917;0.4861065;84.995668;0.23137255;85.084685;0.53163957;
85.915171;0.4578569;85.935163;0.52070772;85.995618;0.29307882;86.085682;0.51485203;
86.914184;0.57253522;86.93441;0.52810458;;;87.086678;0.60742181;
87.913198;0.61029541;87.933656;0.64190015;;;88.087674;0.60915033;
88.912211;0.60465219;88.932902;0.68235294;;;89.08867;0.73817765;
89.911225;0.60130719;89.932148;0.65098342;;;90.089667;0.74901961;
90.910239;0.63363501;90.931394;0.62594773;;;91.090663;0.68354088;
91.909252;0.66176421;91.93064;0.63689361;;;92.091659;0.6745098;
92.908266;0.60878157;92.929886;0.68095429;;;93.092656;0.65994817;
93.907279;0.55710048;93.929132;0.6461578;;;94.093652;0.6631574;
94.906293;0.4945541;94.928378;0.60130719;;;95.094648;0.60383105;
95.905307;0.37254902;95.927624;0.46269148;;;96.095644;0.58169935;
96.90432;0.34827375;96.92687;0.30588235;;;97.096641;0.49034025;
97.903334;0.27843137;97.926116;0.27306119;;;98.097637;0.44705882;
98.902347;0.25666721;98.925363;0.23571712;;;99.098633;0.35574754;
99.901361;0.18304265;99.924609;0.22026941;;;100.09963;0.25749992;
100.90037;0.20411715;100.92385;0.14899179;;;101.10063;0.16429975;
101.89939;0.16885354;101.9231;0.14509804;;;102.10162;0.047880213;
102.8984;0.18172447;102.92235;0.14509804;;;103.10262;0.0019781067;
103.89742;0.24199437;103.92159;0.15218064;;;104.10361;0;
104.89643;0.24313725;104.92084;0.18039216;;;105.10461;0.1704301;
105.89544;0.34935941;105.92009;0.22730675;;;106.10561;0.39215686;
106.89446;0.41063055;106.91933;0.49583029;;;107.1066;0.44707905;
107.89347;0.60324883;107.91858;0.54035803;;;108.1076;0.60550464;
108.89248;0.65223498;108.91782;0.66122251;;;109.1086;0.63902624;
109.8915;0.69204144;109.91707;0.66666667;;;110.10959;0.57583744;
110.89051;0.69803922;110.91632;0.7234729;;;111.11059;0.57099857;
111.88952;0.64143421;111.91556;0.7254902;;;112.11159;0.60915033;
112.88854;0.6130719;112.91481;0.7254902;;;113.11258;0.6113933;
113.88755;0.46542284;113.91405;0.67373804;;;114.11358;0.62091503;
114.88657;0.42231764;114.9133;0.52198329;;;115.11457;0.61315702;
115.88558;0.44286514;115.91255;0.40854208;;;116.11557;0.54080422;
116.88459;0.44823035;116.91179;0.19635363;;;117.11657;0.5283648;
117.88361;0.42682109;117.91104;0.14509804;;;118.11756;0.4317768;
118.88262;0.38431373;118.91028;0.15330006;;;119.11856;0.43438888;
119.88163;0.34306556;119.90953;0.15686275;;;120.11956;0.32032924;
120.88065;0.2713464;120.90878;0.25816296;;;121.12055;0.31764706;
121.87966;0.3194505;121.90802;0.28703921;;;122.12155;0.28890304;
122.87867;0.39114017;122.90727;0.31982853;;;123.12254;0.27987427;
123.87769;0.46117281;123.90651;0.30961201;;;124.12354;0.26086115;
124.8767;0.58169935;124.90576;0.32565952;;;125.12454;0.26729175;
125.87571;0.59137869;125.90501;0.40392157;;;126.12553;0.48098318;
;;126.90425;0.48852837;;;127.12653;0.51633987;
;;127.9035;0.60130719;;;128.12753;0.62369258;
;;128.90275;0.59988371;;;129.12852;0.6627451;
;;129.90199;0.6250243;;;130.12952;0.73392677;
;;130.90124;0.66419935;;;131.13051;0.75853006;
;;131.90048;0.68906654;;;132.13151;0.63243154;
;;132.89973;0.63904501;;;133.13251;0.51653301;
;;133.89898;0.47843137;;;134.1335;0.44772415;
;;134.89822;0.46775786;;;135.1345;0.41568627;
;;135.89747;0.41176471;;;136.1355;0.40992965;
;;136.89671;0.40377652;;;137.13649;0.40392157;
;;137.89596;0.31762593;;;138.13749;0.372007;
;;138.89521;0.30840336;;;139.13849;0.3188555;
;;139.89445;0.22414911;;;140.13948;0.27118047;
;;140.8937;0.22352941;;;141.14048;0.23091475;
;;141.89294;0.32148488;;;142.14147;0.21782337;
;;142.89219;0.32941176;;;143.14247;0.21176471;
;;143.89144;0.47072964;;;144.14347;0.24544281;
;;144.89068;0.50075348;;;145.14446;0.34901961;
;;145.88993;0.54230203;;;;;
;;146.88917;0.59117147;;;;;
;;147.88842;0.63280921;;;;;
;;148.88767;0.62091503;;;;;
;;149.88691;0.68957914;;;;;
;;150.88616;0.7254902;;;;;
;;151.88541;0.68850403;;;;;
;;152.88465;0.66161568;;;;;
;;153.8839;0.57686312;;;;;
;;154.88314;0.51072201;;;;;
;;155.88239;0.44795288;;;;;
;;156.88164;0.36862745;;;;;
;;157.88088;0.30014519;;;;;
;;158.88013;0.19215686;;;;;
;;159.87937;0.19467398;;;;;
;;160.87862;0.22855419;;;;;
;;161.87787;0.30181004;;;;;
;;162.87711;0.3980884;;;;;
;;163.87636;0.49388933;;;;;
;;164.8756;0.72941176;;;;;
;;165.87485;0.73456803;;;;;
;;166.8741;0.77254902;;;;;
;;167.87334;0.77693265;;;;;
;;168.87259;0.83536151;;;;;
;;169.87183;0.80216311;;;;;
;;170.87108;0.76442194;;;;;
;;171.87033;0.73763265;;;;;
;;172.86957;0.63690833;;;;;
;;173.86882;0.6248366;;;;;
;;174.86807;0.46348758;;;;;
;;175.86731;0.42745098;;;;;
;;176.86656;0.24490548;;;;;
;;177.8658;0.22803962;;;;;
;;178.86505;0.28926199;;;;;
;;179.8643;0.32052747;;;;;
;;180.86354;0.29650057;;;;;
;;181.86279;0.27843137;;;;;
;;182.86203;0.37529538;;;;;
;;183.86128;0.45490196;;;;;
;;184.86053;0.48453942;;;;;
;;185.85977;0.53799894;;;;;
;;186.85902;0.57415438;;;;;
;;187.85826;0.64220781;;;;;
;;188.85751;0.66494087;;;;;
;;189.85676;0.70588235;;;;;
;;190.856;0.69378832;;;;;
;;191.85525;0.66267324;;;;;
;;192.85449;0.61939986;;;;;
;;193.85374;0.55303193;;;;;
;;194.85299;0.53082712;;;;;
;;195.85223;0.35294118;;;;;
;;196.85148;0.34922538;;;;;
;;197.85073;0.30588235;;;;;
;;198.84997;0.30523302;;;;;
;;199.84922;0.25074494;;;;;
;;200.84846;0.23862361;;;;;
;;201.84771;0.227866;;;;;
;;202.84696;0.20597436;;;;;
;;203.8462;0.29745793;;;;;
;;204.84545;0.31764706;;;;;
;;205.84469;0.31155404;;;;;
