Profile 1             
x       y           
[]     []         
0  164.70588            
0.99686535  69.948324            
1.9937307  88.846137            
2.9905961  532.36031            
3.9874614  655.88776            
4.9843268  806.31145            
5.9811921  899.34641            
6.9780575  926.781            
7.9749228  937.2549            
8.9717882  777.96196            
9.9686535  693.07868            
10.965519  663.48788            
11.962384  608.53658            
12.95925  473.54692            
13.956115  317.64706            
14.95298  308.83316            
15.949846  298.03922            
16.946711  302.5211            
17.943576  309.80392            
18.940442  334.50368            
19.937307  382.79277            
20.934172  368.2374            
21.931038  331.35623            
22.927903  356.91177            
23.924768  486.27451            
24.921634  507.2085            
25.918499  682.35294            
26.915365  680.75204            
27.91223  718.81421            
28.909095  709.11953            
29.905961  656.39604            
30.902826  654.90196            
31.899691  457.73803            
32.896557  427.45098            
33.893422  321.01201            
34.890287  296.47927            
35.887153  282.81303            
36.884018  275.70523            
37.880883  201.38706            
38.877749  164.70588            
39.874614  148.4372            
40.871479  137.2549            
41.868345  235.90822            
42.86521  320.5915            
43.862076  392.40557            
44.858941  464.37136            
45.855806  523.75006            
46.852672  662.7451            
47.849537  641.93148            
48.846402  597.38562            
49.843268  559.81908            
50.840133  442.15947            
51.836998  423.82541            
52.833864  346.98875            
53.830729  312.02815            
54.827594  250.98039            
55.82446  247.6832            
56.821325  176.47059            
57.818191  176.47059            
58.815056  199.00452            
59.811921  221.11415            
60.808787  242.56439            
61.805652  237.73481            
62.802517  455.03913            
63.799383  508.49673            
64.796248  582.5557            
65.793113  609.15033            
66.789979  670.02238            
67.786844  702.56025            
68.783709  637.75801            
69.780575  551.31774            
70.77744  429.00777            
71.774305  341.17647            
72.771171  285.06232            
73.768036  219.60784            
74.764902  214.97271            
75.761767  202.86471            
76.758632  227.24058            
77.755498  261.8582            
78.752363  304.52688            
79.749228  380.39216            
80.746094  395.08922            
81.742959  458.82353            
82.739824  482.58628            
83.73669  638.53968            
84.733555  658.51109            
85.73042  709.00251            
86.727286  749.01961            
87.724151  756.45071            
88.721016  756.86275            
89.717882  739.62909            
90.714747  731.69897            
91.711613  573.67328            
92.708478  525.13494            
93.705343  405.18606            
94.702209  349.01961            
95.699074  298.85446            
96.695939  274.5098            
97.692805  215.22353            
98.68967  179.37646            
99.686535  342.51124            
100.6834  456.92895            
101.68027  488.13274            
102.67713  528.10458            
103.674  595.92083            
104.67086  698.03922            
105.66773  712.29709            
106.66459  741.16653            
107.66146  707.36031            
108.65832  608.17115            
109.65519  560.81856            
110.65205  540.32831            
111.64892  513.58818            
112.64578  329.41176            
113.64265  322.56418            
114.63952  207.84314            
115.63638  237.85619            
116.63325  243.69355            
117.63011  231.7067            
118.62698  198.48103            
119.62384  192.15686            
120.62071  450.41829            
121.61757  508.49673            
122.61444  601.36771            
123.6113  590.26144            
124.60817  662.78672            
125.60503  689.76519            
126.6019  686.30529            
127.59877  698.03922            
128.59563  708.67075            
129.5925  717.64706            
130.58936  717.64706            
131.58623  690.27302            
132.58309  585.2853            
133.57996  464.18694            
134.57682  404.36635            
135.57369  325.4902            
136.57055  268.73474            
137.56742  113.72549            
138.56428  119.98314            
139.56115  140.75415            
140.55801  148.75901            
141.55488  242.1045            
142.55175  248.62824            
143.54861  435.29412            
144.54548  435.29412            
145.54234  575.7759            
146.53921  581.69935            
147.53607  581.15088            
148.53294  600.98899            
149.5298  660.38363            
150.52667  680.51447            
151.52353  628.1311            
152.5204  609.15033            
153.51726  422.80837            
154.51413  337.2549            
155.511  346.86793            
156.50786  318.77006            
157.50473  250.20293            
158.50159  216.30388            
159.49846  271.96195            
160.49532  337.2549            
161.49219  387.23756            
162.48905  458.82353            
163.48592  497.68441            
164.48278  538.27013            
165.47965  518.34088            
166.47651  618.94348            
167.47338  635.04446            
168.47024  674.5098            
169.46711  687.93639            
170.46398  772.54902            
171.46084  752.16597            
172.45771  606.88583            
173.45457  544.83988            
174.45144  244.25831            
175.4483  133.33333            
176.44517  77.04915            
177.44203  70.588235            
