Profile 1             
x       y           
[]     []         
0  476.3351            
1.0035578  359.13584            
2.0071156  192.92762            
3.0106734  125.4902            
4.0142312  255.59417            
5.017789  392.15686            
6.0213468  451.67951            
7.0249046  525.82803            
8.0284624  535.835            
9.0320202  583.47275            
10.035578  623.53784            
11.039136  632.67974            
12.042694  639.0724            
13.046251  654.90196            
14.049809  631.91701            
15.053367  558.16993            
16.056925  454.24351            
17.060483  281.97162            
18.06404  247.37019            
19.067598  236.26358            
20.071156  237.00881            
21.074714  254.90196            
22.078272  264.23836            
23.081829  504.57516            
24.085387  499.28153            
25.088945  622.68132            
26.092503  620.71718            
27.096061  673.68968            
28.099618  682.35294            
29.103176  719.54596            
30.106734  725.4902            
31.110292  725.4902            
32.11385  720.74858            
33.117407  592.48113            
34.120965  529.69774            
35.124523  396.55843            
36.128081  330.10569            
37.131639  259.31959            
38.135196  223.52941            
39.138754  132.34035            
40.142312  74.509804            
41.14587  104.04737            
42.149428  117.42133            
43.152985  263.6598            
44.156543  409.9755            
45.160101  518.90354            
46.163659  639.21569            
47.167217  666.66278            
48.170774  705.88235            
49.174332  729.33085            
50.17789  733.92337            
51.181448  700.66008            
52.185006  667.39678            
53.188563  582.80482            
54.192121  423.52941            
55.195679  394.50189            
56.199237  286.27451            
57.202795  279.31081            
58.206352  221.92122            
59.20991  195.70386            
60.213468  137.13086            
61.217026  117.12274            
62.220584  235.29412            
63.224141  238.23949            
64.227699  493.13426            
65.231257  496.73203            
66.234815  571.40221            
67.238373  590.01632            
68.24193  696.86796            
69.245488  702.39274            
70.249046  720.99025            
71.252604  725.4902            
72.256162  703.91322            
73.259719  698.03922            
74.263277  595.79054            
75.266835  524.62679            
76.270393  428.62131            
77.273951  381.87133            
78.277508  287.61658            
79.281066  243.13725            
80.284624  293.6767            
81.288182  329.41176            
82.29174  327.31081            
83.295297  326.16018            
84.298855  422.81716            
85.302413  524.18301            
86.305971  575.67869            
87.309529  639.21569            
88.313086  702.21862            
89.316644  802.61438            
90.320202  763.57968            
91.32376  680.9028            
92.327318  640.84099            
93.330875  586.00535            
94.334433  547.32173            
95.337991  403.92157            
96.341549  364.66933            
97.345107  192.15686            
98.348664  181.54488            
99.352222  113.72549            
100.35578  135.64017            
101.35934  239.07906            
102.3629  282.55659            
103.36645  421.16894            
104.37001  427.45098            
105.37357  613.19777            
106.37713  620.91503            
107.38068  676.82691            
108.38424  666.69823            
109.3878  651.6507            
110.39136  648.81793            
111.39492  528.72301            
112.39847  486.27451            
113.40203  462.43483            
114.40559  454.90196            
115.40915  290.66566            
116.4127  222.12815            
117.41626  172.28471            
118.41982  114.68478            
119.42338  133.04865            
120.42694  151.48406            
121.43049  337.77097            
122.43405  486.27451            
123.43761  466.28962            
124.44117  447.05882            
125.44472  536.74801            
126.44828  639.76681            
127.45184  655.49647            
128.4554  646.13466            
129.45896  651.59489            
130.46251  666.66667            
131.46607  646.4448            
132.46963  601.30719            
133.47319  522.70917            
134.47675  324.67529            
135.4803  327.4822            
136.48386  290.10321            
137.48742  287.42393            
138.49098  231.37255            
139.49453  250.21047            
140.49809  403.92157            
141.50165  411.26318            
142.50521  510.93705            
143.50877  491.58727            
144.51232  564.46776            
145.51588  546.71769            
146.51944  792.59373            
147.523  810.45752            
148.52655  810.45752            
149.53011  810.45752            
150.53367  695.99723            
151.53723  657.18157            
152.54079  518.07453            
153.54434  428.08034            
154.5479  321.00881            
155.55146  298.03922            
156.55502  166.66033            
157.55857  105.88235            
158.56213  187.51549            
159.56569  214.16225            
160.56925  226.47465            
161.57281  210.72939            
162.57636  243.71412            
163.57992  298.03922            
164.58348  414.96072            
165.58704  539.86928            
166.59059  608.42506            
167.59415  712.88296            
168.59771  711.70671            
169.60127  714.52543            
170.60483  727.67529            
171.60838  686.27451            
172.61194  677.38773            
173.6155  654.90196            
174.61906  611.91797            
175.62261  467.64649            
176.62617  430.73918            
177.62973  292.15647            
178.63329  243.91379            
179.63685  113.72549            
180.6404  122.84425            
181.64396  223.52941            
182.64752  233.18947            
183.65108  516.33987            
184.65464  539.73083            
185.65819  614.843            
186.66175  584.83967            
187.66531  712.66117            
188.66887  725.4902            
189.67242  645.87756            
190.67598  632.67974            
191.67954  578.8302            
192.6831  563.58435            
193.68666  386.54334            
194.69021  342.172            
195.69377  247.79004            
196.69733  200            
197.70089  163.89768            
198.70444  145.09804            
199.708  192.7469            
200.71156  223.52941            
201.71512  314.48331            
202.71868  369.92487            
203.72223  413.61268            
204.72579  456.3249            
205.72935  594.13074            
206.73291  768.62745            
207.73646  787.26222            
208.74002  814.37908            
209.74358  817.64654            
210.74714  838.74449            
211.7507  774.75736            
212.75425  627.81458            
213.75781  507.75127            
214.76137  294.11765            
215.76493  285.18467            
216.76848  250.98039            
217.77204  228.37904            
218.7756  128.47611            
